100
885 905 10
27235 27285 15
22283 22293 15
41643 41663 15
18596 18636 15
19930 19980 15
14134 14144 10
45796 45816 10
6156 6196 20
46473 46513 5
35716 35726 15
45131 45141 15
48934 48974 20
28204 28234 5
16781 16801 10
27615 27645 20
43986 44006 15
1464 1484 15
8641 8691 10
40940 40960 10
37744 37794 15
50803 50853 15
9896 9926 5
4393 4443 15
13152 13172 5
15856 15906 20
47427 47437 15
10347 10397 15
29566 29596 15
21818 21838 15
21556 21606 10
7868 7918 10
6649 6659 5
55407 55457 20
25251 25271 5
21281 21291 5
19432 19472 5
13886 13936 5
7299 7329 10
50051 50071 15
18891 18941 20
23602 23652 5
55248 55258 15
38698 38748 10
49622 49662 10
25943 25953 20
14875 14915 20
2590 2640 10
27062 27102 5
43201 43231 10
34778 34828 5
33681 33701 5
39969 39979 5
42103 42113 5
17811 17851 15
30122 30172 15
26574 26594 10
52070 52090 15
48266 48286 5
7657 7707 20
7474 7494 10
32012 32062 10
52491 52501 15
22366 22376 20
37315 37345 20
55557 55607 5
24375 24425 15
54886 54916 15
3320 3330 10
39723 39733 20
36753 36793 10
20597 20617 5
5505 5545 15
39490 39540 20
26741 26751 10
18077 18097 15
56625 56665 20
44446 44486 10
10921 10931 5
23915 23965 15
11593 11643 20
42920 42960 20
46987 47037 20
43926 43936 20
28838 28848 5
23047 23097 20
32885 32935 5
1934 1974 10
12201 12211 10
51796 51826 15
56077 56117 10
1792 1842 20
53479 53489 5
53910 53920 5
9198 9248 15
46779 46829 10
28660 28670 5
30508 30518 15
17542 17552 5
31196 31236 5
0 890 630 1070 840 1150 600 980 320 730 810 990 970 900 810 1080 270 840 890 490 320 940 710 1290 960 110 260 830 1010 590 620 760 770 780 520 780 580 800 750 760 1260 1310 1060 380 910 880 1200 1200 250 690 1260 190 1220 1120 440 980 530 790 580 240 860 840 1050 980 1010 890 620 700 720 930 960 900 670 730 890 700 730 1170 750 870 750 960 1220 610 870 1070 830 750 790 1000 840 770 670 1040 890 1030 760 1000 880 1040 270 
890 0 290 470 310 430 720 410 690 160 170 240 780 420 400 580 620 400 560 640 650 170 370 430 490 820 630 750 440 490 390 570 390 500 700 320 750 250 420 250 380 440 290 740 760 240 380 380 640 380 390 780 360 400 620 130 480 580 670 690 220 390 200 830 420 240 610 690 610 580 180 780 240 690 20 690 170 480 160 120 250 550 500 400 370 230 240 660 790 110 790 120 730 170 450 670 200 100 260 200 630 
630 290 0 480 240 530 450 600 390 180 310 490 620 560 270 550 360 500 420 350 460 410 400 660 640 550 390 540 430 210 120 370 460 320 410 410 480 180 470 330 630 670 420 450 580 250 560 570 380 160 620 500 590 500 330 340 380 390 400 470 390 500 490 660 420 260 350 450 380 460 320 590 210 460 300 450 130 570 130 330 130 450 600 120 510 520 380 440 570 400 580 180 470 460 570 570 120 390 430 490 360 
1070 470 480 0 240 150 610 890 760 540 630 690 420 900 250 130 800 860 250 620 940 640 810 420 970 960 860 470 50 480 450 370 840 320 640 780 640 310 870 700 450 430 220 760 440 250 290 300 830 380 390 900 380 130 640 360 860 350 580 950 690 860 600 470 60 250 500 500 430 230 280 470 630 480 490 500 490 130 450 600 360 180 180 460 850 640 710 450 550 480 510 480 560 560 920 250 390 470 730 620 800 
840 310 240 240 0 310 470 720 550 320 430 550 470 710 90 310 570 670 240 430 700 480 590 500 780 740 620 440 190 280 220 270 630 200 470 570 500 70 650 490 500 510 240 570 450 80 380 390 600 150 460 680 430 270 440 260 620 280 430 700 510 660 490 510 180 90 350 410 330 260 190 470 400 400 330 410 260 330 220 420 120 240 380 230 660 530 520 370 500 370 480 270 460 460 730 360 150 360 550 510 560 
1150 430 530 150 310 0 740 820 860 540 600 620 570 850 350 260 880 830 390 730 990 580 800 270 910 1050 930 620 180 580 530 500 820 440 760 750 770 350 850 680 310 280 140 870 590 270 150 160 900 460 250 990 240 30 750 300 870 490 700 1010 650 820 510 620 170 270 630 640 570 380 250 620 630 620 450 640 500 50 460 550 400 330 70 540 800 550 670 590 700 400 660 480 700 480 880 400 410 390 680 540 880 
600 720 450 610 470 740 0 1050 280 630 770 940 380 1000 390 560 440 950 360 140 660 870 820 970 1080 490 530 230 550 240 340 230 890 290 80 850 30 490 890 780 970 980 710 220 320 550 850 860 470 350 940 410 910 710 190 730 730 250 50 610 850 940 920 380 570 560 120 110 170 400 660 300 650 140 740 110 580 730 570 790 480 440 790 330 960 960 840 170 190 820 240 630 70 890 1010 470 520 810 890 930 410 
980 410 600 890 720 820 1050 0 910 420 290 200 1180 90 800 1000 780 140 960 930 670 240 280 720 100 960 740 1130 860 810 720 950 210 890 1000 210 1070 650 240 260 650 730 690 990 1160 660 730 730 780 740 700 960 670 800 890 520 450 970 1000 740 210 140 330 1230 840 650 950 1050 980 990 600 1170 390 1050 390 1050 480 880 510 290 630 960 880 720 110 300 210 1040 1160 420 1170 450 1070 350 120 1080 580 430 170 300 800 
320 690 390 760 550 860 280 910 0 550 670 860 650 850 510 760 170 790 560 160 400 790 650 1040 920 210 260 510 700 270 330 430 720 450 200 700 270 520 710 650 1020 1050 780 90 590 610 930 940 200 390 1000 140 970 820 120 740 510 460 260 340 740 780 880 660 700 610 290 380 390 600 700 580 530 410 690 380 520 870 530 710 490 630 920 320 810 900 720 420 470 800 520 570 350 850 850 700 510 790 770 870 140 
730 160 180 540 320 540 630 420 550 0 130 310 770 390 390 630 470 350 560 520 490 240 260 580 470 660 470 710 500 390 290 530 310 470 590 250 660 250 330 170 540 600 410 620 740 290 520 520 480 320 550 630 510 510 500 270 330 550 580 530 210 340 330 810 480 290 530 620 560 580 290 750 90 630 150 620 60 590 90 160 210 570 610 300 340 350 210 610 740 270 740 60 650 310 410 690 170 270 250 320 480 
810 170 310 630 430 600 770 290 670 130 0 190 890 270 510 730 560 230 680 650 530 120 200 580 350 750 550 840 590 530 430 660 220 600 720 150 790 370 250 80 520 590 460 740 870 380 540 540 570 450 550 740 510 570 620 300 340 680 710 590 80 220 250 940 570 380 660 760 690 700 350 880 140 760 150 760 190 650 210 60 330 680 670 430 220 250 80 740 870 240 880 160 790 240 290 800 290 240 120 230 580 
990 240 490 690 550 620 940 200 860 310 190 0 1020 250 640 820 750 260 800 840 700 70 320 520 300 940 730 980 670 700 600 810 290 740 900 240 970 490 330 230 450 530 490 930 1000 480 520 520 760 600 500 930 470 600 810 330 490 820 890 760 130 250 130 1070 650 480 830 920 850 820 410 1020 330 920 220 920 360 680 370 150 480 790 680 610 220 100 160 900 1030 210 1020 310 950 150 280 910 430 230 120 100 770 
970 780 620 420 470 570 380 1180 650 770 890 1020 0 1160 380 310 780 1120 220 490 980 950 1020 840 1240 860 860 140 400 450 510 260 1080 300 450 1020 410 530 1090 940 870 850 610 600 60 540 710 720 810 460 820 780 800 550 540 720 990 230 390 950 970 1110 960 50 420 540 360 270 270 210 630 80 830 240 800 270 700 540 670 890 550 250 590 510 1110 1000 980 230 210 830 150 730 310 920 1180 170 600 820 1010 970 760 
900 420 560 900 710 850 1000 90 850 390 270 250 1160 0 790 1010 700 60 950 880 580 270 200 770 70 880 660 1100 860 770 680 920 130 870 950 150 1020 640 150 220 700 780 710 930 1130 660 770 770 700 710 750 880 720 820 840 540 370 940 950 660 200 60 380 1210 850 650 910 1010 950 980 610 1150 350 1020 400 1010 460 900 490 300 610 950 910 680 50 350 180 1000 1130 450 1140 430 1030 400 30 1080 560 460 160 350 720 
810 400 270 250 90 350 390 800 510 390 510 640 380 790 0 280 560 740 160 370 710 570 650 570 860 710 620 350 190 230 200 180 700 110 400 640 430 140 720 560 580 590 310 510 360 170 450 460 580 130 540 650 510 320 390 360 660 180 350 710 590 730 590 420 190 180 270 320 240 190 280 380 460 310 420 320 330 360 300 500 180 180 410 210 740 630 600 280 400 470 390 350 370 550 800 300 220 450 630 600 550 
1080 580 550 130 310 260 560 1000 760 630 730 820 310 1010 280 0 830 970 190 600 990 760 900 540 1080 970 900 390 140 490 480 330 940 300 610 880 600 380 970 800 580 550 350 740 330 340 420 430 860 410 520 900 510 260 640 480 930 310 540 990 800 960 720 360 160 350 470 450 390 160 400 370 720 420 610 450 570 230 540 710 430 120 280 490 960 770 820 390 470 600 420 580 510 690 1030 140 470 590 840 750 820 
270 620 360 800 570 880 440 780 170 470 560 750 780 700 560 830 0 640 650 300 220 690 500 1020 770 190 80 650 750 340 350 540 570 530 360 570 430 520 560 530 990 1030 780 260 720 610 920 930 30 420 980 180 950 840 250 700 350 570 400 170 620 640 800 790 750 610 420 520 510 700 680 720 420 540 620 520 450 910 480 610 480 720 950 340 670 810 600 550 620 730 660 500 500 780 700 800 480 730 650 790 20 
840 400 500 860 670 830 950 140 790 350 230 260 1120 60 740 970 640 0 910 820 520 260 140 770 130 820 600 1050 830 720 630 870 70 820 890 90 960 600 90 170 700 780 690 870 1090 620 760 760 640 660 740 820 710 800 780 520 310 890 890 600 180 10 380 1160 810 620 850 960 890 930 580 1100 290 970 370 960 410 880 440 270 560 910 890 630 40 360 150 950 1070 440 1080 390 980 390 60 1040 510 450 150 350 660 
890 560 420 250 240 390 360 960 560 560 680 800 220 950 160 190 650 910 0 410 840 730 810 660 1030 780 730 230 210 310 330 130 870 120 410 810 400 310 880 730 680 670 410 540 210 310 530 540 680 260 630 710 610 370 440 500 810 110 340 820 750 900 730 260 230 320 280 260 190 40 410 230 620 230 580 260 490 380 460 670 340 70 430 340 900 780 760 200 300 610 270 510 310 700 970 150 390 600 790 750 640 
490 640 350 620 430 730 140 930 160 520 650 840 490 880 370 600 300 820 410 0 520 760 690 940 950 380 390 350 560 150 250 270 760 300 70 720 140 430 760 660 930 950 670 140 430 500 820 830 330 280 900 300 870 700 50 660 590 300 100 470 730 810 840 500 570 510 130 220 220 450 610 420 530 250 650 220 480 740 480 680 400 480 790 240 830 870 720 260 320 740 360 530 200 810 880 540 440 730 770 840 270 
320 650 460 940 700 990 660 670 400 490 530 700 980 580 710 990 220 520 840 520 0 650 390 1070 640 310 130 860 890 530 510 730 460 720 580 480 660 640 430 470 1030 1090 870 490 930 710 1000 1010 200 580 1040 350 1000 960 470 760 210 760 620 80 570 530 780 1000 880 720 630 730 710 880 760 930 410 760 640 730 500 1030 540 590 590 890 1060 500 560 790 540 760 840 750 880 540 720 770 570 990 570 750 580 760 250 
940 170 410 640 480 580 870 240 790 240 120 70 950 270 570 760 690 260 730 760 650 0 290 500 330 880 670 910 610 630 530 730 270 670 830 210 890 430 310 180 440 520 440 860 930 420 500 500 690 530 480 860 450 560 740 280 450 750 820 710 90 250 130 1000 590 410 760 850 770 750 350 950 260 850 150 850 280 640 300 80 410 720 640 530 230 130 130 830 960 180 950 240 880 130 300 840 360 190 110 110 700 
710 370 400 810 590 800 820 280 650 260 200 320 1020 200 650 900 500 140 810 690 390 290 0 780 270 680 460 940 770 600 510 770 70 720 760 80 830 520 70 120 730 800 660 730 980 560 750 750 500 560 750 680 720 770 640 500 180 790 770 470 200 140 430 1060 750 560 730 840 780 840 550 990 190 850 350 840 320 850 360 260 470 830 870 510 170 420 160 840 960 440 970 320 850 430 190 950 430 450 190 400 520 
1290 430 660 420 500 270 970 720 1040 580 580 520 840 770 570 540 1020 770 660 940 1070 500 780 0 820 1210 1040 890 450 780 700 750 780 680 980 710 1000 510 820 660 70 10 260 1070 860 430 130 120 1040 650 30 1160 70 290 940 310 910 740 930 1110 590 760 390 890 430 420 850 890 810 650 330 890 670 870 440 890 570 310 540 520 540 600 280 710 730 420 630 840 960 340 930 530 940 370 800 680 530 330 620 420 1020 
960 490 640 970 780 910 1080 100 920 470 350 300 1240 70 860 1080 770 130 1030 950 640 330 270 820 0 940 720 1180 930 850 760 1000 190 940 1020 230 1100 720 210 300 750 830 770 1000 1210 730 820 820 760 790 800 950 770 890 910 610 430 1020 1030 720 270 130 430 1280 920 730 990 1090 1020 1050 680 1230 430 1100 470 1090 530 970 560 370 680 1030 970 760 120 400 260 1080 1210 510 1210 510 1110 450 70 1150 630 520 230 400 790 
110 820 550 960 740 1050 490 960 210 660 750 940 860 880 710 970 190 820 780 380 310 880 680 1210 940 0 220 720 900 480 520 650 750 670 410 750 470 700 730 720 1180 1220 960 270 800 790 1110 1110 180 590 1170 80 1140 1020 330 890 510 680 470 230 810 820 990 870 910 790 510 590 600 820 870 790 610 620 820 590 650 1070 670 810 660 850 1120 510 850 1010 790 630 680 930 730 700 560 970 870 920 670 930 840 980 180 
260 630 390 860 620 930 530 740 260 470 550 730 860 660 620 900 80 600 730 390 130 670 460 1040 720 220 0 730 800 420 410 620 530 610 450 530 520 570 510 500 1010 1060 820 350 810 650 960 960 60 490 1010 230 970 890 330 720 290 650 490 90 600 600 790 880 800 660 500 600 590 770 710 800 410 630 630 600 470 960 500 600 520 790 1000 400 630 810 570 630 710 740 750 510 590 770 650 880 520 740 620 780 110 
830 750 540 470 440 620 230 1130 510 710 840 980 140 1100 350 390 650 1050 230 350 860 910 940 890 1180 720 730 0 440 340 420 180 1000 240 310 950 260 490 1010 870 910 900 640 450 80 520 760 770 680 390 860 640 840 600 400 710 890 160 250 820 920 1040 940 150 460 530 230 130 150 240 630 70 750 100 760 130 640 600 620 840 500 290 650 420 1050 980 920 100 80 820 40 680 160 900 1110 270 550 800 960 950 620 
1010 440 430 50 190 180 550 860 700 500 590 670 400 860 190 140 750 830 210 560 890 610 770 450 930 900 800 440 0 420 390 320 800 260 580 740 590 260 830 660 470 460 210 700 410 200 320 330 770 320 420 840 400 160 580 340 810 310 520 890 660 820 580 450 20 210 450 460 380 200 260 440 580 440 460 460 440 180 400 560 310 150 230 400 810 620 680 410 510 460 480 440 520 550 890 250 340 450 700 600 740 
590 490 210 480 280 580 240 810 270 390 530 700 450 770 230 490 340 720 310 150 530 630 600 780 850 480 420 340 420 0 100 200 660 190 210 620 260 270 670 550 770 790 520 290 400 340 660 670 370 130 740 410 710 550 160 500 540 230 180 510 610 710 690 480 430 350 130 240 190 350 450 410 420 250 500 240 340 600 330 550 250 370 650 90 720 720 600 240 360 590 380 390 260 660 780 460 290 580 650 690 320 
620 390 120 450 220 530 340 720 330 290 430 600 510 680 200 480 350 630 330 250 510 530 510 700 760 520 410 420 390 100 0 250 570 210 310 530 360 180 580 450 680 710 450 370 470 270 590 600 380 70 660 460 630 490 240 410 480 280 280 500 510 620 590 540 390 280 230 330 260 370 360 480 330 340 400 330 240 550 230 450 150 380 600 10 630 620 510 320 440 490 450 280 350 560 690 480 190 480 550 590 340 
760 570 370 370 270 500 230 950 430 530 660 810 260 920 180 330 540 870 130 270 730 730 770 750 1000 650 620 180 320 200 250 0 820 70 270 770 270 310 840 700 760 760 490 410 210 350 620 630 570 210 710 570 690 470 310 540 730 30 210 710 740 860 760 290 330 360 140 140 60 170 460 220 580 130 590 140 460 500 440 660 320 210 550 250 870 800 740 100 220 640 210 500 190 730 940 260 370 630 780 770 520 
770 390 460 840 630 820 890 210 720 310 220 290 1080 130 700 940 570 70 870 760 460 270 70 780 190 750 530 1000 800 660 570 820 0 770 830 70 900 560 30 140 720 790 680 800 1040 600 760 760 570 610 750 750 720 790 720 520 240 850 840 530 180 70 410 1110 790 590 800 900 840 900 570 1050 240 910 370 900 370 870 410 270 520 880 890 580 100 390 150 900 1020 440 1030 360 920 410 120 1000 480 450 170 380 600 
780 500 320 320 200 440 290 890 450 470 600 740 300 870 110 300 530 820 120 300 720 670 720 680 940 670 610 240 260 190 210 70 770 0 320 720 330 240 790 640 690 690 420 440 260 280 550 560 560 160 650 590 620 410 330 470 690 80 260 700 680 810 690 340 270 290 180 210 130 160 390 280 530 200 520 210 410 440 380 600 260 180 490 220 820 730 680 170 290 570 280 440 260 660 880 270 310 560 720 700 520 
520 700 410 640 470 760 80 1000 200 590 720 900 450 950 400 610 360 890 410 70 580 830 760 980 1020 410 450 310 580 210 310 270 830 320 0 800 70 470 830 730 970 990 710 140 390 550 860 860 390 330 940 330 910 730 120 710 660 300 60 530 800 890 900 460 590 560 130 180 210 450 650 380 600 210 710 180 540 760 540 750 460 480 810 300 900 930 790 230 270 800 320 590 150 870 950 530 500 790 840 900 330 
780 320 410 780 570 750 850 210 700 250 150 240 1020 150 640 880 570 90 810 720 480 210 80 710 230 750 530 950 740 620 530 770 70 720 800 0 870 500 100 80 650 730 610 780 990 530 690 690 570 560 690 750 650 720 690 450 260 790 800 550 120 90 340 1060 720 530 760 860 800 840 500 1000 200 870 300 860 310 800 340 200 460 820 820 530 100 340 80 850 980 370 990 290 880 350 160 940 420 380 110 320 590 
580 750 480 640 500 770 30 1070 270 660 790 970 410 1020 430 600 430 960 400 140 660 890 830 1000 1100 470 520 260 590 260 360 270 900 330 70 870 0 520 900 800 1010 1020 740 200 340 580 880 890 460 380 970 390 940 740 190 760 740 290 80 600 870 960 950 400 600 590 150 150 200 430 690 320 670 180 760 150 600 770 600 810 510 480 820 350 970 980 860 200 210 850 260 650 90 920 1030 500 550 840 910 960 410 
800 250 180 310 70 350 490 650 520 250 370 490 530 640 140 380 520 600 310 430 640 430 520 510 720 700 570 490 260 270 180 310 560 240 470 500 520 0 580 420 500 520 260 550 500 80 400 410 550 140 470 650 440 320 420 240 550 320 440 650 440 590 450 570 250 90 370 430 360 330 180 520 330 430 270 430 190 390 150 360 50 310 420 200 590 490 450 410 540 330 530 200 480 410 660 430 80 320 480 460 520 
750 420 470 870 650 850 890 240 710 330 250 330 1090 150 720 970 560 90 880 760 430 310 70 820 210 730 510 1010 830 670 580 840 30 790 830 100 900 580 0 170 750 830 710 800 1050 620 790 790 550 630 790 730 750 820 710 550 220 860 840 510 220 90 440 1130 810 620 800 910 850 910 600 1060 260 920 400 910 390 900 430 300 540 900 920 580 130 430 180 910 1030 480 1040 380 920 450 140 1020 500 480 200 420 580 
760 250 330 700 490 680 780 260 650 170 80 230 940 220 560 800 530 170 730 660 470 180 120 660 300 720 500 870 660 550 450 700 140 640 730 80 800 420 170 0 600 670 540 730 910 450 620 630 530 480 630 710 600 650 620 380 260 720 730 530 90 170 310 980 640 450 680 780 720 760 430 920 130 790 230 780 230 730 260 140 380 740 750 460 170 320 70 780 900 320 910 210 810 310 240 860 340 320 120 290 550 
1260 380 630 450 500 310 970 650 1020 540 520 450 870 700 580 580 990 700 680 930 1030 440 730 70 750 1180 1010 910 470 770 680 760 720 690 970 650 1010 500 750 600 0 80 270 1060 880 420 160 150 1010 640 70 1140 70 320 930 280 860 760 930 1070 530 690 320 920 450 410 850 900 820 670 320 910 620 890 390 900 530 360 510 460 530 620 330 700 670 350 570 860 980 280 950 490 950 300 730 710 510 280 550 350 990 
1310 440 670 430 510 280 980 730 1050 600 590 530 850 780 590 550 1030 780 670 950 1090 520 800 10 830 1220 1060 900 460 790 710 760 790 690 990 730 1020 520 830 670 80 0 270 1080 870 440 140 130 1050 660 50 1170 80 300 950 330 920 750 940 1120 610 770 400 900 440 430 860 900 820 660 350 900 680 890 450 900 580 320 550 530 560 610 280 730 740 430 640 850 970 350 940 540 960 380 810 690 540 340 630 430 1030 
1060 290 420 220 240 140 710 690 780 410 460 490 610 710 310 350 780 690 410 670 870 440 660 260 770 960 820 640 210 520 450 490 680 420 710 610 740 260 710 540 270 270 0 810 620 170 140 150 800 390 220 910 200 110 680 160 740 490 670 890 500 680 380 670 190 170 590 630 550 410 110 650 500 620 310 630 370 190 330 410 300 360 210 460 660 420 530 590 710 270 680 340 680 350 730 460 300 250 540 410 780 
380 740 450 760 570 870 220 990 90 620 740 930 600 930 510 740 260 870 540 140 490 860 730 1070 1000 270 350 450 700 290 370 410 800 440 140 780 200 550 800 730 1060 1080 810 0 530 630 950 960 290 420 1030 190 1000 840 130 780 610 430 210 420 810 870 940 600 710 640 260 320 350 580 730 520 600 360 750 320 580 880 580 780 530 620 930 360 890 970 800 370 410 850 460 630 290 910 930 670 560 840 850 940 240 
910 760 580 440 450 590 320 1160 590 740 870 1000 60 1130 360 330 720 1090 210 430 930 930 980 860 1210 800 810 80 410 400 470 210 1040 260 390 990 340 500 1050 910 880 870 620 530 0 520 730 740 750 420 830 720 810 570 480 710 940 190 330 890 940 1080 940 70 430 530 300 210 210 210 620 30 790 180 780 210 670 560 650 860 530 260 610 470 1080 980 950 170 150 820 90 700 250 910 1150 200 580 810 990 960 700 
880 240 250 250 80 270 550 660 610 290 380 480 540 660 170 340 610 620 310 500 710 420 560 430 730 790 650 520 200 340 270 350 600 280 550 530 580 80 620 450 420 440 170 630 520 0 320 330 630 210 390 730 360 240 510 180 610 360 500 730 450 610 420 580 190 10 430 490 410 330 110 550 380 480 260 490 240 310 200 360 130 300 340 280 610 460 470 450 580 290 560 230 540 380 680 420 140 280 490 430 600 
1200 380 560 290 380 150 850 730 930 520 540 520 710 770 450 420 920 760 530 820 1000 500 750 130 820 1110 960 760 320 660 590 620 760 550 860 690 880 400 790 620 160 140 140 950 730 320 0 10 940 530 100 1050 90 160 830 250 850 610 800 1030 580 750 400 760 300 310 730 760 680 520 240 760 610 750 390 760 490 200 460 490 440 470 170 600 730 440 610 720 830 320 800 460 820 370 800 550 430 310 610 430 920 
1200 380 570 300 390 160 860 730 940 520 540 520 720 770 460 430 930 760 540 830 1010 500 750 120 820 1110 960 770 330 670 600 630 760 560 860 690 890 410 790 630 150 130 150 960 740 330 10 0 950 540 90 1060 80 170 830 250 860 620 810 1030 580 750 400 770 310 320 740 770 690 530 240 770 610 760 400 770 500 210 460 490 450 480 180 610 730 430 610 720 840 320 810 460 830 370 800 560 440 310 610 430 930 
250 640 380 830 600 900 470 780 200 480 570 760 810 700 580 860 30 640 680 330 200 690 500 1040 760 180 60 680 770 370 380 570 570 560 390 570 460 550 550 530 1010 1050 800 290 750 630 940 950 0 450 1000 180 970 870 270 720 340 600 430 140 630 640 810 820 770 640 450 550 540 720 700 740 430 570 640 550 470 930 490 620 500 740 970 370 670 820 600 580 650 750 690 520 530 790 690 830 500 740 650 800 50 
690 380 160 380 150 460 350 740 390 320 450 600 460 710 130 410 420 660 260 280 580 530 560 650 790 590 490 390 320 130 70 210 610 160 330 560 380 140 630 480 640 660 390 420 420 210 530 540 450 0 610 530 580 430 290 380 540 230 300 570 530 650 580 500 320 220 230 310 240 300 320 430 370 310 390 310 250 480 230 460 130 310 530 80 660 610 530 290 420 470 420 290 350 540 720 410 170 460 570 580 420 
1260 390 620 390 460 250 940 700 1000 550 550 500 820 750 540 520 980 740 630 900 1040 480 750 30 800 1170 1010 860 420 740 660 710 750 650 940 690 970 470 790 630 70 50 220 1030 830 390 100 90 1000 610 0 1120 30 260 900 280 880 710 890 1070 570 730 370 870 400 380 820 860 780 620 300 860 640 840 410 860 530 290 500 490 510 570 260 680 710 400 600 810 930 310 900 500 910 350 780 650 490 300 590 400 980 
190 780 500 900 680 990 410 960 140 630 740 930 780 880 650 900 180 820 710 300 350 860 680 1160 950 80 230 640 840 410 460 570 750 590 330 750 390 650 730 710 1140 1170 910 190 720 730 1050 1060 180 530 1120 0 1090 960 260 850 520 600 390 270 800 820 970 790 840 740 430 510 530 750 820 710 590 540 790 510 610 1010 630 790 610 780 1060 450 850 990 780 560 600 900 650 660 480 940 870 840 620 890 830 960 160 
1220 360 590 380 430 240 910 670 970 510 510 470 800 720 510 510 950 710 610 870 1000 450 720 70 770 1140 970 840 400 710 630 690 720 620 910 650 940 440 750 600 70 80 200 1000 810 360 90 80 970 580 30 1090 0 250 870 240 840 690 870 1040 530 700 340 850 380 350 790 830 750 600 260 840 600 820 370 830 500 290 470 450 480 550 260 640 680 370 570 790 910 270 880 460 890 320 750 640 460 270 560 370 950 
1120 400 500 130 270 30 710 800 820 510 570 600 550 820 320 260 840 800 370 700 960 560 770 290 890 1020 890 600 160 550 490 470 790 410 730 720 740 320 820 650 320 300 110 840 570 240 160 170 870 430 260 960 250 0 710 280 840 460 670 970 620 790 490 600 140 230 590 610 540 360 220 600 600 600 420 610 460 80 420 530 370 310 100 510 780 540 650 570 670 380 640 450 670 460 850 390 380 370 660 520 840 
440 620 330 640 440 750 190 890 120 500 620 810 540 840 390 640 250 780 440 50 470 740 640 940 910 330 330 400 580 160 240 310 720 330 120 690 190 420 710 620 930 950 680 130 480 510 830 830 270 290 900 260 870 710 0 650 540 340 150 420 700 770 820 550 590 510 180 270 270 480 600 470 500 300 630 270 460 760 460 660 400 510 810 230 790 850 690 310 370 720 410 510 250 790 840 580 430 720 740 820 220 
980 130 340 360 260 300 730 520 740 270 300 330 720 540 360 480 700 520 500 660 760 280 500 310 610 890 720 710 340 500 410 540 520 470 710 450 760 240 550 380 280 330 160 780 710 180 250 250 720 380 280 850 240 280 650 0 600 540 680 790 340 510 240 760 320 170 610 670 590 510 80 730 360 660 150 670 250 360 220 250 250 470 370 420 500 280 370 640 760 120 750 210 720 200 570 590 220 100 380 260 710 
530 480 380 860 620 870 730 450 510 330 340 490 990 370 660 930 350 310 810 590 210 450 180 910 430 510 290 890 810 540 480 730 240 690 660 260 740 550 220 260 860 920 740 610 940 610 850 860 340 540 880 520 840 840 540 600 0 760 680 290 360 310 580 1020 800 610 660 770 730 840 630 950 240 790 470 770 370 920 410 400 500 840 940 470 340 580 330 780 890 570 920 390 780 580 360 950 470 570 370 560 380 
790 580 390 350 280 490 250 970 460 550 680 820 230 940 180 310 570 890 110 300 760 750 790 740 1020 680 650 160 310 230 280 30 850 80 300 790 290 320 860 720 760 750 490 430 190 360 610 620 600 230 710 600 690 460 340 540 760 0 230 740 760 890 770 260 320 370 170 150 80 150 460 200 600 130 600 150 480 480 460 680 340 190 540 280 890 810 760 100 220 650 200 520 210 740 960 240 390 640 800 780 550 
580 670 400 580 430 700 50 1000 260 580 710 890 390 950 350 540 400 890 340 100 620 820 770 930 1030 470 490 250 520 180 280 210 840 260 60 800 80 440 840 730 930 940 670 210 330 500 800 810 430 300 890 390 870 670 150 680 680 230 0 580 790 890 870 400 530 510 70 120 150 380 610 320 600 150 680 120 530 700 520 740 430 420 760 280 900 910 790 160 220 770 260 570 90 840 960 460 470 760 830 880 380 
240 690 470 950 700 1010 610 740 340 530 590 760 950 660 710 990 170 600 820 470 80 710 470 1110 720 230 90 820 890 510 500 710 530 700 530 550 600 650 510 530 1070 1120 890 420 890 730 1030 1030 140 570 1070 270 1040 970 420 790 290 740 580 0 630 600 840 970 890 730 590 690 680 860 790 890 450 720 680 690 530 1040 570 650 600 870 1080 490 630 850 600 720 800 800 840 580 680 820 650 970 590 800 650 820 190 
860 220 390 690 510 650 850 210 740 210 80 130 970 200 590 800 620 180 750 730 570 90 200 590 270 810 600 920 660 610 510 740 180 680 800 120 870 440 220 90 530 610 500 810 940 450 580 580 630 530 570 800 530 620 700 340 360 760 790 630 0 170 230 1010 640 450 740 840 770 780 410 960 210 840 190 840 270 700 290 90 410 750 710 510 150 220 30 820 950 260 960 240 870 230 230 880 360 270 40 200 640 
840 390 500 860 660 820 940 140 780 340 220 250 1110 60 730 960 640 10 900 810 530 250 140 760 130 820 600 1040 820 710 620 860 70 810 890 90 960 590 90 170 690 770 680 870 1080 610 750 750 640 650 730 820 700 790 770 510 310 890 890 600 170 0 370 1150 800 610 850 950 890 920 570 1090 290 960 360 950 400 870 430 260 550 910 880 620 30 350 140 940 1070 430 1080 380 970 380 70 1030 510 440 140 340 660 
1050 200 490 600 490 510 920 330 880 330 250 130 960 380 590 720 800 380 730 840 780 130 430 390 430 990 790 940 580 690 590 760 410 690 900 340 950 450 440 310 320 400 380 940 940 420 400 400 810 580 370 970 340 490 820 240 580 770 870 840 230 370 0 1000 560 410 810 890 810 750 320 970 380 880 190 890 360 570 360 180 440 710 560 600 340 40 260 860 990 120 980 310 930 30 410 830 400 130 240 30 810 
980 830 660 470 510 620 380 1230 660 810 940 1070 50 1210 420 360 790 1160 260 500 1000 1000 1060 890 1280 870 880 150 450 480 540 290 1110 340 460 1060 400 570 1130 980 920 900 670 600 70 580 760 770 820 500 870 790 850 600 550 760 1020 260 400 970 1010 1150 1000 0 470 590 370 280 290 260 680 80 870 250 850 280 750 590 720 930 600 300 640 550 1160 1040 1020 240 200 880 140 770 310 970 1220 220 650 870 1060 1020 770 
1010 420 420 60 180 170 570 840 700 480 570 650 420 850 190 160 750 810 230 570 880 590 750 430 920 910 800 460 20 430 390 330 790 270 590 720 600 250 810 640 450 440 190 710 430 190 300 310 770 320 400 840 380 140 590 320 800 320 530 890 640 800 560 470 0 190 460 470 400 220 240 460 570 450 440 470 430 170 390 550 300 170 220 400 800 600 660 420 530 440 500 430 530 530 870 270 330 430 680 580 740 
890 240 260 250 90 270 560 650 610 290 380 480 540 650 180 350 610 620 320 510 720 410 560 420 730 790 660 530 210 350 280 360 590 290 560 530 590 90 620 450 410 430 170 640 530 10 310 320 640 220 380 740 350 230 510 170 610 370 510 730 450 610 410 590 190 0 440 500 420 340 100 550 380 490 260 500 240 310 200 360 130 310 340 290 600 450 460 460 590 290 570 230 550 370 670 430 140 270 490 420 610 
620 610 350 500 350 630 120 950 290 530 660 830 360 910 270 470 420 850 280 130 630 760 730 850 990 510 500 230 450 130 230 140 800 180 130 760 150 370 800 680 850 860 590 260 300 430 730 740 450 230 820 430 790 590 180 610 660 170 70 590 740 850 810 370 460 440 0 100 90 310 540 290 560 130 620 100 470 630 460 680 360 350 680 220 860 840 740 130 220 700 250 510 120 770 920 400 400 690 780 810 400 
700 690 450 500 410 640 110 1050 380 620 760 920 270 1010 320 450 520 960 260 220 730 850 840 890 1090 590 600 130 460 240 330 140 900 210 180 860 150 430 910 780 900 900 630 320 210 490 760 770 550 310 860 510 830 610 270 670 770 150 120 690 840 950 890 280 470 500 100 0 80 290 600 200 660 30 700 0 560 630 550 770 440 330 690 320 960 920 840 50 120 770 140 600 50 850 1020 350 490 760 880 890 490 
720 610 380 430 330 570 170 980 390 560 690 850 270 950 240 390 510 890 190 220 710 770 780 810 1020 600 590 150 380 190 260 60 840 130 210 800 200 360 850 720 820 820 550 350 210 410 680 690 540 240 780 530 750 540 270 590 730 80 150 680 770 890 810 290 400 420 90 80 0 230 520 210 600 70 630 80 490 560 470 700 360 270 620 260 900 850 770 50 180 690 190 530 130 770 960 310 410 680 810 820 490 
930 580 460 230 260 380 400 990 600 580 700 820 210 980 190 160 700 930 40 450 880 750 840 650 1050 820 770 240 200 350 370 170 900 160 450 840 430 330 910 760 670 660 410 580 210 330 520 530 720 300 620 750 600 360 480 510 840 150 380 860 780 920 750 260 220 340 310 290 230 0 420 240 650 260 600 290 520 360 490 690 370 50 410 380 930 790 790 230 320 620 280 540 350 710 990 110 410 610 820 760 680 
960 180 320 280 190 250 660 600 700 290 350 410 630 610 280 400 680 580 410 610 760 350 550 330 680 870 710 630 260 450 360 460 570 390 650 500 690 180 600 430 320 350 110 730 620 110 240 240 700 320 300 820 260 220 600 80 630 460 610 790 410 570 320 680 240 100 540 600 520 420 0 650 380 590 210 600 260 300 220 310 210 380 320 380 560 370 430 560 690 200 670 230 650 290 640 500 190 190 440 340 680 
900 780 590 470 470 620 300 1170 580 750 880 1020 80 1150 380 370 720 1100 230 420 930 950 990 890 1230 790 800 70 440 410 480 220 1050 280 380 1000 320 520 1060 920 910 900 650 520 30 550 760 770 740 430 860 710 840 600 470 730 950 200 320 890 960 1090 970 80 460 550 290 200 210 240 650 0 800 170 800 200 690 590 660 880 540 290 640 480 1100 1010 970 160 130 850 70 720 230 930 1160 230 590 830 1000 980 690 
670 240 210 630 400 630 650 390 530 90 140 330 830 350 460 720 420 290 620 530 410 260 190 670 430 610 410 750 580 420 330 580 240 530 600 200 670 330 260 130 620 680 500 600 790 380 610 610 430 370 640 590 600 600 500 360 240 600 600 450 210 290 380 870 570 380 560 660 600 650 380 800 0 670 230 660 140 680 180 190 280 640 700 330 300 390 190 650 780 340 790 150 680 360 360 760 240 340 240 370 430 
730 690 460 480 400 620 140 1050 410 630 760 920 240 1020 310 420 540 970 230 250 760 850 850 870 1100 620 630 100 440 250 340 130 910 200 210 870 180 430 920 790 890 890 620 360 180 480 750 760 570 310 840 540 820 600 300 660 790 130 150 720 840 960 880 250 450 490 130 30 70 260 590 170 670 0 700 30 570 610 550 770 440 310 670 330 970 920 840 30 100 770 120 610 80 850 1030 320 490 760 890 890 520 
890 20 300 490 330 450 740 390 690 150 150 220 800 400 420 610 620 370 580 650 640 150 350 440 470 820 630 760 460 500 400 590 370 520 710 300 760 270 400 230 390 450 310 750 780 260 390 400 640 390 410 790 370 420 630 150 470 600 680 680 190 360 190 850 440 260 620 700 630 600 210 800 230 700 0 700 170 500 170 100 260 570 520 410 350 220 220 680 810 110 800 120 740 160 430 690 210 110 230 190 630 
700 690 450 500 410 640 110 1050 380 620 760 920 270 1010 320 450 520 960 260 220 730 850 840 890 1090 590 600 130 460 240 330 140 900 210 180 860 150 430 910 780 900 900 630 320 210 490 760 770 550 310 860 510 830 610 270 670 770 150 120 690 840 950 890 280 470 500 100 0 80 290 600 200 660 30 700 0 560 630 550 770 440 330 690 320 960 920 840 50 120 770 140 600 50 850 1020 350 490 760 880 890 490 
730 170 130 490 260 500 580 480 520 60 190 360 700 460 330 570 450 410 490 480 500 280 320 570 530 650 470 640 440 340 240 460 370 410 540 310 600 190 390 230 530 580 370 580 670 240 490 500 470 250 530 610 500 460 460 250 370 480 530 530 270 400 360 750 430 240 470 560 490 520 260 690 140 570 170 560 0 540 40 200 150 500 570 250 410 390 270 550 680 280 680 50 600 330 470 630 100 270 310 360 460 
1170 480 570 130 330 50 730 880 870 590 650 680 540 900 360 230 910 880 380 740 1030 640 850 310 970 1070 960 600 180 600 550 500 870 440 760 800 770 390 900 730 360 320 190 880 560 310 200 210 930 480 290 1010 290 80 760 360 920 480 700 1040 700 870 570 590 170 310 630 630 560 360 300 590 680 610 500 630 540 0 500 610 440 310 50 560 860 610 730 580 680 460 640 530 690 540 930 370 450 450 740 590 900 
750 160 130 450 220 460 570 510 530 90 210 370 670 490 300 540 480 440 460 480 540 300 360 540 560 670 500 620 400 330 230 440 410 380 540 340 600 150 430 260 510 550 330 580 650 200 460 460 490 230 500 630 470 420 460 220 410 460 520 570 290 430 360 720 390 200 460 550 470 490 220 660 180 550 170 550 40 500 0 220 120 470 530 240 440 390 300 530 660 260 660 50 580 330 500 590 70 260 340 360 480 
870 120 330 600 420 550 790 290 710 160 60 150 890 300 500 710 610 270 670 680 590 80 260 520 370 810 600 840 560 550 450 660 270 600 750 200 810 360 300 140 460 530 410 780 860 360 490 490 620 460 490 790 450 530 660 250 400 680 740 650 90 260 180 930 550 360 680 770 700 690 310 880 190 770 100 770 200 610 220 0 330 660 620 450 250 200 120 750 880 180 880 160 800 170 320 790 280 180 130 170 630 
750 250 130 360 120 400 480 630 490 210 330 480 550 610 180 430 480 560 340 400 590 410 470 540 680 660 520 500 310 250 150 320 520 260 460 460 510 50 540 380 530 560 300 530 530 130 440 450 500 130 510 610 480 370 400 250 500 340 430 600 410 550 440 600 300 130 360 440 360 370 210 540 280 440 260 440 150 440 120 330 0 350 470 170 560 480 420 420 550 340 540 170 480 410 620 470 50 330 460 450 480 
960 550 450 180 240 330 440 960 630 570 680 790 250 950 180 120 720 910 70 480 890 720 830 600 1030 850 790 290 150 370 380 210 880 180 480 820 480 310 900 740 620 610 360 620 260 300 470 480 740 310 570 780 550 310 510 470 840 190 420 870 750 910 710 300 170 310 350 330 270 50 380 290 640 310 570 330 500 310 470 660 350 0 360 390 900 750 770 280 370 590 330 520 390 680 970 120 400 580 800 730 700 
1220 500 600 180 380 70 790 880 920 610 670 680 590 910 410 280 950 890 430 790 1060 640 870 280 970 1120 1000 650 230 650 600 550 890 490 810 820 820 420 920 750 330 280 210 930 610 340 170 180 970 530 260 1060 260 100 810 370 940 540 760 1080 710 880 560 640 220 340 680 690 620 410 320 640 700 670 520 690 570 50 530 620 470 360 0 610 870 600 740 640 730 460 690 550 750 530 940 420 490 450 750 590 940 
610 400 120 460 230 540 330 720 320 300 430 610 510 680 210 490 340 630 340 240 500 530 510 710 760 510 400 420 400 90 10 250 580 220 300 530 350 200 580 460 700 730 460 360 470 280 600 610 370 80 680 450 640 510 230 420 470 280 280 490 510 620 600 550 400 290 220 320 260 380 380 480 330 330 410 320 250 560 240 450 170 390 610 0 630 630 510 320 440 500 460 290 350 570 690 490 200 490 550 600 330 
870 370 510 850 660 800 960 110 810 340 220 220 1110 50 740 960 670 40 900 830 560 230 170 730 120 850 630 1050 810 720 630 870 100 820 900 100 970 590 130 170 670 740 660 890 1080 610 730 730 670 660 710 850 680 780 790 500 340 890 900 630 150 30 340 1160 800 600 860 960 900 930 560 1100 300 970 350 960 410 860 440 250 560 900 870 630 0 320 130 950 1080 410 1090 380 990 360 70 1030 510 420 120 320 690 
1070 230 520 640 530 550 960 300 900 350 250 100 1000 350 630 770 810 360 780 870 790 130 420 420 400 1010 810 980 620 720 620 800 390 730 930 340 980 490 430 320 350 430 420 970 980 460 440 430 820 610 400 990 370 540 850 280 580 810 910 850 220 350 40 1040 600 450 840 920 850 790 370 1010 390 920 220 920 390 610 390 200 480 750 600 630 320 0 260 900 1030 160 1020 340 960 70 390 870 430 170 230 30 830 
830 240 380 710 520 670 840 210 720 210 80 160 980 180 600 820 600 150 760 720 540 130 160 630 260 790 570 920 680 600 510 740 150 680 790 80 860 450 180 70 570 640 530 800 950 470 610 610 600 530 600 780 570 650 690 370 330 760 790 600 30 140 260 1020 660 460 740 840 770 790 430 970 190 840 220 840 270 730 300 120 420 770 740 510 130 260 0 830 950 290 960 240 860 260 210 890 370 300 50 240 620 
750 660 440 450 370 590 170 1040 420 610 740 900 230 1000 280 390 550 950 200 260 760 830 840 840 1080 630 630 100 410 240 320 100 900 170 230 850 200 410 910 780 860 850 590 370 170 450 720 720 580 290 810 560 790 570 310 640 780 100 160 720 820 940 860 240 420 460 130 50 50 230 560 160 650 30 680 50 550 580 530 750 420 280 640 320 950 900 830 0 130 740 130 590 110 820 1010 300 460 730 870 870 530 
790 790 570 550 500 700 190 1160 470 740 870 1030 210 1130 400 470 620 1070 300 320 840 960 960 960 1210 680 710 80 510 360 440 220 1020 290 270 980 210 540 1030 900 980 970 710 410 150 580 830 840 650 420 930 600 910 670 370 760 890 220 220 800 950 1070 990 200 530 590 220 120 180 320 690 130 780 100 810 120 680 680 660 880 550 370 730 440 1080 1030 950 130 0 870 50 720 120 950 1140 350 590 860 990 1000 600 
1000 110 400 480 370 400 820 420 800 270 240 210 830 450 470 600 730 440 610 740 750 180 440 340 510 930 740 820 460 590 490 640 440 570 800 370 850 330 480 320 280 350 270 850 820 290 320 320 750 470 310 900 270 380 720 120 570 650 770 800 260 430 120 880 440 290 700 770 690 620 200 850 340 770 110 770 280 460 260 180 340 590 460 500 410 160 290 740 870 0 860 230 820 80 480 710 300 10 290 140 740 
840 790 580 510 480 660 240 1170 520 740 880 1020 150 1140 390 420 660 1080 270 360 880 950 970 930 1210 730 750 40 480 380 450 210 1030 280 320 990 260 530 1040 910 950 940 680 460 90 560 800 810 690 420 900 650 880 640 410 750 920 200 260 840 960 1080 980 140 500 570 250 140 190 280 670 70 790 120 800 140 680 640 660 880 540 330 690 460 1090 1020 960 130 50 860 0 720 170 940 1150 300 590 850 1000 990 640 
770 120 180 480 270 480 630 450 570 60 160 310 730 430 350 580 500 390 510 530 540 240 320 530 510 700 510 680 440 390 280 500 360 440 590 290 650 200 380 210 490 540 340 630 700 230 460 460 520 290 500 660 460 450 510 210 390 520 570 580 240 380 310 770 430 230 510 600 530 540 230 720 150 610 120 600 50 530 50 160 170 520 550 290 380 340 240 590 720 230 720 0 640 280 450 640 120 220 280 310 510 
670 730 470 560 460 700 70 1070 350 650 790 950 310 1030 370 510 500 980 310 200 720 880 850 940 1110 560 590 160 520 260 350 190 920 260 150 880 90 480 920 810 950 960 680 290 250 540 820 830 530 350 910 480 890 670 250 720 780 210 90 680 870 970 930 310 530 550 120 50 130 350 650 230 680 80 740 50 600 690 580 800 480 390 750 350 990 960 860 110 120 820 170 640 0 890 1040 410 520 800 910 930 480 
1040 170 460 560 460 480 890 350 850 310 240 150 920 400 550 690 780 390 700 810 770 130 430 370 450 970 770 900 550 660 560 730 410 660 870 350 920 410 450 310 300 380 350 910 910 380 370 370 790 540 350 940 320 460 790 200 580 740 840 820 230 380 30 970 530 370 770 850 770 710 290 930 360 850 160 850 330 540 330 170 410 680 530 570 360 70 260 820 950 80 940 280 890 0 430 790 370 100 250 50 790 
890 450 570 920 730 880 1010 120 850 410 290 280 1180 30 800 1030 700 60 970 880 570 300 190 800 70 870 650 1110 890 780 690 940 120 880 950 160 1030 660 140 240 730 810 730 930 1150 680 800 800 690 720 780 870 750 850 840 570 360 960 960 650 230 70 410 1220 870 670 920 1020 960 990 640 1160 360 1030 430 1020 470 930 500 320 620 970 940 690 70 390 210 1010 1140 480 1150 450 1040 430 0 1100 580 490 190 380 720 
1030 670 570 250 360 400 470 1080 700 690 800 910 170 1080 300 140 800 1040 150 540 990 840 950 680 1150 920 880 270 250 460 480 260 1000 270 530 940 500 430 1020 860 710 690 460 670 200 420 550 560 830 410 650 840 640 390 580 590 950 240 460 970 880 1030 830 220 270 430 400 350 310 110 500 230 760 320 690 350 630 370 590 790 470 120 420 490 1030 870 890 300 350 710 300 640 410 790 1100 0 520 690 920 850 780 
760 200 120 390 150 410 520 580 510 170 290 430 600 560 220 470 480 510 390 440 570 360 430 530 630 670 520 550 340 290 190 370 480 310 500 420 550 80 500 340 510 540 300 560 580 140 430 440 500 170 490 620 460 380 430 220 470 390 470 590 360 510 400 650 330 140 400 490 410 410 190 590 240 490 210 490 100 450 70 280 50 400 490 200 510 430 370 460 590 300 590 120 520 370 580 520 0 290 410 410 480 
1000 100 390 470 360 390 810 430 790 270 240 230 820 460 450 590 730 450 600 730 750 190 450 330 520 930 740 800 450 580 480 630 450 560 790 380 840 320 480 320 280 340 250 840 810 280 310 310 740 460 300 890 270 370 720 100 570 640 760 800 270 440 130 870 430 270 690 760 680 610 190 830 340 760 110 760 270 450 260 180 330 580 450 490 420 170 300 730 860 10 850 220 800 100 490 690 290 0 300 150 740 
880 260 430 730 550 680 890 170 770 250 120 120 1010 160 630 840 650 150 790 770 580 110 190 620 230 840 620 960 700 650 550 780 170 720 840 110 910 480 200 120 550 630 540 850 990 490 610 610 650 570 590 830 560 660 740 380 370 800 830 650 40 140 240 1060 680 490 780 880 810 820 440 1000 240 890 230 880 310 740 340 130 460 800 750 550 120 230 50 870 990 290 1000 280 910 250 190 920 410 300 0 210 670 
1040 200 490 620 510 540 930 300 870 320 230 100 970 350 600 750 790 350 750 840 760 110 400 420 400 980 780 950 600 690 590 770 380 700 900 320 960 460 420 290 350 430 410 940 960 430 430 430 800 580 400 960 370 520 820 260 560 780 880 820 200 340 30 1020 580 420 810 890 820 760 340 980 370 890 190 890 360 590 360 170 450 730 590 600 320 30 240 870 1000 140 990 310 930 50 380 850 410 150 210 0 800 
270 630 360 800 560 880 410 800 140 480 580 770 760 720 550 820 20 660 640 270 250 700 520 1020 790 180 110 620 740 320 340 520 600 520 330 590 410 520 580 550 990 1030 780 240 700 600 920 930 50 420 980 160 950 840 220 710 380 550 380 190 640 660 810 770 740 610 400 490 490 680 680 690 430 520 630 490 460 900 480 630 480 700 940 330 690 830 620 530 600 740 640 510 480 790 720 780 480 740 670 800 0 
